76561198448600670
76561198035885234
76561197983959182
76561197974276739
76561197968598515
76561198342921839
76561198081207650
76561198884777308
76561197999567609
76561197964433540
76561198181295137
76561198231340324
76561198452985892
76561198278435969
76561197960362093
76561197960376129
76561197960881682
76561197961662178
76561197961808211
76561197961835311
76561197962708405
76561197963617506
76561197963916799
76561197965039968
76561197965683048
76561197967902877
76561197968109238
76561197968186901
76561197968695851
76561197968795783
76561197969941559
76561197970814602
76561197971816074
76561197972920696
76561197974293688
76561197974734107
76561197975076080
76561197977078427
76561197977970978
76561197978779257
76561197979475688
76561197980540488
76561197982769128
76561197983086995
76561197983419794
76561197983864729
76561197985596374
76561197986206486
76561197987181659
76561197987611579
76561197988020837
76561197988973610
76561197990011269
76561197991373068
76561197991451555
76561197991519482
76561197991650865
76561197991687526
76561197992673256
76561197993066630
76561197993464655
76561197993511250
76561197995387708
76561197996789001
76561197998410767
76561198000666358
76561198000730036
76561198001680468
76561198002557943
76561198003637134
76561198004728819
76561198006257024
76561198006436404
76561198006720077
76561198007150066
76561198008289390
76561198008374637
76561198008934025
76561198009426243
76561198009502773
76561198010134466
76561198010424096
76561198010670971
76561198011142930
76561198012237807
76561198012681163
76561198013503269
76561198014070057
76561198015022768
76561198015308249
76561198016212345
76561198016757809
76561198017159245
76561198017610117
76561198017770938
76561198018818864
76561198019202828
76561198020394483
76561198021679968
76561198022372556
76561198022516100
76561198024763411
76561198026302231
76561198026982848
76561198027784754
76561198028603159
76561198029169148
76561198029277491
76561198029298844
76561198030533273
76561198031151620
76561198031492861
76561198031989947
76561198032085053
76561198032949485
76561198033330019
76561198033685832
76561198034241231
76561198035773103
76561198035950305
76561198036532552
76561198038559045
76561198038704243
76561198038812836
76561198038827045
76561198039768982
76561198039873233
76561198040421047
76561198040570630
76561198040914864
76561198040985920
76561198041610961
76561198041869583
76561198042036058
76561198045087181
76561198045520348
76561198045881906
76561198046014269
76561198046038316
76561198047004171
76561198047158198
76561198047177208
76561198047180013
76561198047236343
76561198047405452
76561198047450919
76561198047755590
76561198048346525
76561198049726659
76561198049887671
76561198050113670
76561198050356629
76561198050434342
76561198051034081
76561198051370998
76561198051670203
76561198052099690
76561198052337376
76561198053216801
76561198053307993
76561198053583430
76561198053726330
76561198053758883
76561198054093730
76561198054253710
76561198055069545
76561198055413453
76561198055766369
76561198056299378
76561198056695684
76561198057592542
76561198058135583
76561198058613127
76561198060058699
76561198060121098
76561198060665581
76561198060984572
76561198061076908
76561198061249648
76561198061568101
76561198061773939
76561198062207595
76561198062281838
76561198062807042
76561198063152455
76561198063317523
76561198063397082
76561198063464575
76561198063530159
76561198064368381
76561198065208467
76561198065592643
76561198065998362
76561198066910275
76561198067300918
76561198067473800
76561198067764142
76561198068302278
76561198068840291
76561198068886212
76561198069866398
76561198070598080
76561198070688079
76561198070738368
76561198071688528
76561198071738266
76561198071991505
76561198072062804
76561198072143092
76561198072228164
76561198072315205
76561198072945632
76561198072960034
76561198073037761
76561198073616421
76561198074403078
76561198074720804
76561198075773292
76561198076638114
76561198076846830
76561198077266373
76561198078555295
76561198078612758
76561198078697556
76561198079383940
76561198079652861
76561198079749026
76561198080186231
76561198080188910
76561198080415352
76561198080609934
76561198080993930
76561198081730245
76561198081873798
76561198082029299
76561198082314191
76561198083158447
76561198084548811
76561198084945825
76561198085562336
76561198086305978
76561198088366577
76561198088514916
76561198088957356
76561198089132126
76561198089705814
76561198089951434
76561198090037726
76561198090333665
76561198091331282
76561198091389159
76561198092265019
76561198093002921
76561198094245650
76561198095044982
76561198096332455
76561198096599460
76561198097314295
76561198097870790
76561198098399763
76561198099026157
76561198099577507
76561198099654608
76561198100085854
76561198101099935
76561198102534097
76561198103345236
76561198103476254
76561198103643521
76561198103858639
76561198104172139
76561198104572242
76561198104630805
76561198105080472
76561198105138911
76561198105328338
76561198105895392
76561198106251478
76561198106507450
76561198106670767
76561198106931579
76561198107393380
76561198107538773
76561198108246057
76561198109974597
76561198110590260
76561198111548269
76561198111708695
76561198111907051
76561198112170462
76561198112476930
76561198113031760
76561198113069799
76561198113593393
76561198114220583
76561198114452177
76561198114714206
76561198115341877
76561198116303067
76561198116720428
76561198117173630
76561198117493915
76561198117514643
76561198117711460
76561198117867861
76561198118777335
76561198118979154
76561198119770217
76561198122469449
76561198123557809
76561198123858621
76561198124547708
76561198125141858
76561198125282465
76561198125451901
76561198126160794
76561198126483639
76561198128194432
76561198129681368
76561198129833160
76561198130789568
76561198130994528
76561198132556047
76561198133783788
76561198134293634
76561198134942859
76561198135110038
76561198135217771
76561198135607385
76561198135704489
76561198137702169
76561198137785464
76561198137799186
76561198137832211
76561198138346548
76561198139107697
76561198139233097
76561198139972587
76561198141012271
76561198141700921
76561198141741526
76561198142071070
76561198142571636
76561198143872824
76561198144376980
76561198144485421
76561198144518496
76561198144615646
76561198145664581
76561198145701445
76561198146423153
76561198146995152
76561198147065862
76561198147792544
76561198148475645
76561198150046389
76561198151358850
76561198152408820
76561198152565780
76561198152604214
76561198153041116
76561198155161314
76561198156636635
76561198157475064
76561198159032252
76561198159700530
76561198160584740
76561198160980179
76561198161365680
76561198161576954
76561198162121140
76561198162149327
76561198162610479
76561198162805402
76561198163536304
76561198164219662
76561198164923314
76561198167070665
76561198167500922
76561198167541978
76561198168522867
76561198168794156
76561198169050767
76561198169340199
76561198169401070
76561198169997495
76561198170000110
76561198171146090
76561198171478533
76561198171965993
76561198172095894
76561198172117685
76561198172700273
76561198173243029
76561198173261726
76561198174246446
76561198174635858
76561198175153009
76561198175364050
76561198175766698
76561198175767707
76561198175878489
76561198176129117
76561198177096347
76561198177163523
76561198177884903
76561198178565578
76561198178839219
76561198179091070
76561198180002153
76561198180575785
76561198183443737
76561198183910739
76561198185141507
76561198185521117
76561198185567569
76561198186135443
76561198186788398
76561198186825610
76561198187437487
76561198187551745
76561198187866241
76561198189115369
76561198189311877
76561198190151687
76561198190373987
76561198190859677
76561198191520341
76561198191526749
76561198191604655
76561198192482982
76561198192655817
76561198192821409
76561198193234835
76561198193243522
76561198193376258
76561198193832475
76561198194165271
76561198194841247
76561198195233974
76561198195372351
76561198195806937
76561198197778878
76561198198485227
76561198198744986
76561198198842951
76561198198953855
76561198199152143
76561198199431909
76561198199448845
76561198199666061
76561198199836654
76561198199899273
76561198200084273
76561198200177382
76561198200199874
76561198200316170
76561198200388401
76561198200420410
76561198200723975
76561198200752263
76561198200782171
76561198200809638
76561198200926889
76561198200934447
76561198201000310
76561198201072910
76561198201675046
76561198201684557
76561198201800755
76561198201819498
76561198201931758
76561198201962302
76561198202054299
76561198202064563
76561198202102303
76561198202524358
76561198202537025
76561198202629653
76561198202740619
76561198202809698
76561198202818406
76561198202837193
76561198202964275
76561198203098762
76561198203198591
76561198203271929
76561198203364942
76561198203919555
76561198203926731
76561198204091873
76561198204204459
76561198204601231
76561198204650727
76561198204744921
76561198205085297
76561198205152412
76561198205200325
76561198205271397
76561198205292483
76561198205351817
76561198205464485
76561198205509119
76561198205615841
76561198205743493
76561198205831296
76561198206227277
76561198206301103
76561198206656243
76561198206685127
76561198206767957
76561198206925811
76561198206947489
76561198207149343
76561198207177095
76561198207451572
76561198207820901
76561198208012357
76561198208877605
76561198209375057
76561198209855873
76561198210284445
76561198210315476
76561198210579316
76561198210794364
76561198211335877
76561198211673337
76561198211973177
76561198212085681
76561198212331667
76561198212394241
76561198212947297
76561198213061923
76561198213214235
76561198213318265
76561198213360845
76561198213700037
76561198213790327
76561198213866096
76561198214847977
76561198215216213
76561198215260769
76561198215413541
76561198215686743
76561198215753444
76561198215922103
76561198216466308
76561198216738361
76561198217143771
76561198218584456
76561198218591619
76561198218650303
76561198218740845
76561198218800695
76561198219258165
76561198219539355
76561198219842119
76561198219969384
76561198220107531
76561198220119327
76561198220120460
76561198226189508
76561198228459600
76561198231625924
76561198231707224
76561198231741528
76561198231800340
76561198232122724
76561198232889400
76561198233292536
76561198233640876
76561198233759160
76561198234151508
76561198235327200
76561198235400088
76561198235634060
76561198235744232
76561198236279162
76561198236471020
76561198236729118
76561198236982964
76561198237201552
76561198237310652
76561198237357574
76561198237365844
76561198237884400
76561198237896098
76561198237920998
76561198237928876
76561198238041028
76561198239225116
76561198239299182
76561198239593374
76561198239892174
76561198240062826
76561198240634596
76561198241376168
76561198241466870
76561198241700136
76561198242011214
76561198242153488
76561198242277130
76561198242283180
76561198243749250
76561198244376880
76561198244471606
76561198244683742
76561198244739576
76561198245749786
76561198245889302
76561198245950502
76561198246030432
76561198246093232
76561198246479730
76561198247413058
76561198247513550
76561198247735596
76561198248719548
76561198249146306
76561198249181868
76561198249309428
76561198249363272
76561198249379336
76561198249424802
76561198249865530
76561198250109228
76561198250190198
76561198250243664
76561198250363832
76561198250743568
76561198251484156
76561198251777678
76561198252125234
76561198252233222
76561198252502184
76561198252746776
76561198253221850
76561198253261756
76561198253322857
76561198253451155
76561198253491199
76561198253528741
76561198253676945
76561198253789328
76561198253904953
76561198254228194
76561198254297848
76561198254753094
76561198254815084
76561198254938541
76561198255004257
76561198255324227
76561198255357996
76561198255385856
76561198255406788
76561198255637149
76561198255653292
76561198255755146
76561198255805654
76561198256106316
76561198256224703
76561198256261339
76561198256288648
76561198256299507
76561198256590992
76561198256967991
76561198257618230
76561198257857655
76561198258070410
76561198258255477
76561198258639155
76561198258757048
76561198258870882
76561198258918382
76561198259058002
76561198259536041
76561198260060563
76561198260177298
76561198260620768
76561198260631033
76561198260642303
76561198260931008
76561198261128922
76561198261581132
76561198261593949
76561198261651550
76561198262053612
76561198262412498
76561198262822727
76561198262951349
76561198263507800
76561198263628029
76561198263929520
76561198264142281
76561198264495130
76561198264558462
76561198264930009
76561198265238559
76561198266455363
76561198266845229
76561198267280095
76561198267535247
76561198273345104
76561198274422281
76561198274770381
76561198274941224
76561198275346620
76561198275540677
76561198276027737
76561198276210984
76561198276664988
76561198277096437
76561198277972710
76561198277978671
76561198278073981
76561198278313325
76561198279159434
76561198279632077
76561198281177263
76561198281553821
76561198283218126
76561198283540165
76561198283615703
76561198283645900
76561198283730992
76561198283841449
76561198284284605
76561198284444394
76561198284447687
76561198285955688
76561198287285565
76561198287476982
76561198290205177
76561198291119097
76561198291407086
76561198293050875
76561198293365594
76561198293838137
76561198294065819
76561198294171439
76561198294405623
76561198294470269
76561198294518442
76561198295200524
76561198295991431
76561198296211329
76561198296813259
76561198296862342
76561198297068825
76561198297524343
76561198297616041
76561198298097918
76561198298613424
76561198298717917
76561198299526823
76561198299846214
76561198299931183
76561198299971915
76561198300391586
76561198300402633
76561198301621514
76561198302184701
76561198302604015
76561198303963589
76561198305498396
76561198307165906
76561198307866401
76561198308022416
76561198309979722
76561198310492087
76561198314222281
76561198314302493
76561198314466278
76561198315524101
76561198317122380
76561198318298741
76561198373886884
76561198320781105
76561198321165110
76561198323783876
76561198326598290
76561198327260025
76561198337339713
76561198337477281
76561198338660044
76561198338888668
76561198338948779
76561198339027581
76561198344581560
76561198344660690
76561198345775026
76561198346502383
76561198347325978
76561198347618048
76561198349658523
76561198349965907
76561198352157638
76561198353073287
76561198355256601
76561198356747213
76561198362092614
76561198362284662
76561198362600928
76561198363248908
76561198365985882
76561198366792526
76561198367222103
76561198141987036
76561198384052227
76561198281068966
76561198386024192
76561198126169242
76561198362690328
76561198185592111
76561198385147034
76561198191949918
76561198043836015
76561198238188352
76561197996383151
76561198047164174
76561198253301555
76561198053552189
76561198238051860
76561198168692310
76561198074378709
76561198072334262
76561198154551106
76561198136561478
76561198246654766
76561197962328143
76561198095925465
76561198068951833
76561198059580740
76561198198587513
76561198111495231
76561198139557825
76561197965485279
76561198054673549
76561198066882315
76561198118468046
76561198075552866
76561198189215689
76561198162717444
76561197992053120
76561198120843490
76561198099130127
76561198037113814
76561198127675396
76561198033469937
76561198054739595
76561198054974935
76561198375538066
76561198130160004
76561198120492737
76561198108175042
76561198062779207
76561198377128883
76561198052902787
76561198160871674
76561198066900801
76561198130058626
76561198033946167
76561198125774672
76561198037040279
76561198297009147
76561198263886420
76561198169209642
76561198243944350
76561198142450713
76561198145257296
76561198243469688
76561198315838302
76561198018743340
76561197960274850
76561198169087673
76561198070110040
76561198216702227
76561198212042717
76561197975367821
76561198195762633
76561198078725902
76561198395768929
76561198396899274
76561198244621506
76561198115959362
76561198348377657
76561197962205544
76561198290928022
76561198080319629
76561198144184788
76561198240360404
76561198165493591
76561198122348361
76561198339148440
76561198048817945
76561198364264413
76561198142052251
76561198362892026
76561198151205308
76561198273979938
76561198405629750
76561198399635045
76561198132835958
76561198079011550
76561198155686342
76561198105668370
76561198057146803
76561198147627549
76561198044525220
76561198354340560
76561198144423325
76561198231531076
76561198251570644
76561198081918135
76561198023105519
76561198048549693
76561198375697939
76561197994494523
76561198147459456
76561198414799417
76561198066739823
76561198001491608
76561198150554129
76561198256785937
76561198044968837
76561197969457991
76561198014935442
76561198147371577
76561198019941445
76561197969052540
76561198012294975
76561198057364236
76561198354979556
76561198255714517
76561197977904063
76561198259866751
76561198048259317
76561198006422385
76561198042463992
76561198039891922
76561198051152147
76561198081113481
76561198035513775
76561198292354890
76561198080594149
76561197990523652
76561198064803300
76561198399505237
76561198011204839
76561198061401320
76561198134385661
76561198051363137
76561198305073205
76561198340666917
76561198018671290
76561198161507609
76561197965051217
76561197962216952
76561198387868037
76561198157146430
76561198018365045
76561198140779785
76561198016391317
76561198003781439
76561198052252787
76561198209982843
76561198339914045
76561198098342369
76561198206868845
76561198059304925
76561197961091442
76561198009788311
76561198330164486
76561198341010899
76561198133350856
76561198058656965
76561198271961733
76561198212607216
76561198013870105
76561198090127901
76561198087883756
76561198095819707
76561198047212657
76561198189484589
76561198096742354
76561197970916349
76561197963437837
76561198420950757
76561198347036363
76561198347711341
76561198132207047
76561198080957597
76561198031048195
76561198215000519
76561198417216775
76561198271583264
76561198316939611
76561197974365831
76561198071110470
76561198103624219
76561198138391360
76561198061844085
76561197967047228
76561198132399365
76561198010933429
76561198069563675
76561198012246827
76561198103621884
76561198132797837
76561198005154919
76561198329404568
76561198075576149
76561198240590132
76561198243106680
76561198127179207
76561198019329409
76561198165739465
76561198354786852
76561198102776416
76561198274328088
76561198076298427
76561198375199054
76561198074025478
76561198068032725
76561198108932577
76561198144483506
76561198200224187
76561198290254459
76561197973063768
76561198287681741
76561198161250787
76561197996083520
76561198221818704
76561198386256995
76561198253573535
76561198012599400
76561198103954500
76561198020358900
76561197972351600
76561198394707400
76561198020460500
76561198132867300
76561198003265300
76561198311386500
76561198066721800
76561198439600400
76561198212234700
76561198040175000
76561198225912900
76561198015724400
76561198086778500
76561198257855600
76561198115895800
76561198364616700
76561198063109300
76561198283558900
76561198385199300
76561197970994800
76561198054899500
76561198123678600
76561198273463000
76561197992118500
76561198280061000
76561198079647800
76561198004094500
76561198255774600
76561198258944300
76561198405374700
76561198054137200
76561198044127500
76561198100476000
76561198001341100
76561198085787800
76561198115416700
76561198087489200
76561198059124600
76561198374893900
76561198072036800
76561198024772100
76561198424204800
76561198257462700
76561197999081400
76561198357366500
76561198375337300
76561198286593600
76561198409802600
76561197971401500
76561198257466000
76561198439954400
76561198088713200
76561198402441200
76561198153917200
76561198080614000
76561198157540200
76561198192482900
76561198420802100
76561198413961500
76561198334366400
76561198271725500
76561197966891400
76561198100853100
76561198360513200
76561197987793100
76561198377575100
76561198342776300
76561198333588400
76561198258998400
76561198374784600
76561198309374900
76561198353205100
76561198068475200
76561198072074100
76561198123506500
76561198339535900
76561198286988600
76561198331324600
76561198296218000
76561198352126600
76561198276480900
76561198362577500
76561198367795500
76561198247476600
76561198108830200
76561198288046100
76561198299378400
76561198203172500
76561198081359700
76561198094494800
76561198217479600
76561198254799300
76561198019242400
76561198411964800
76561198282333100
76561198219351900
76561198231209600
76561198123941000
76561198114655000
76561198098920500
76561198384426900
76561198146708900
76561198422689700
76561198335852900
76561198110504400
76561198418386000
76561198384930400
76561198315526800
76561198286696600
76561198201900900
76561198369001600
76561198354008900
76561198401546000
76561198381505400
76561198352370300
76561198333322200
76561198012599430
76561198103954507
76561198020358937
76561197972351627
76561198394707496
76561198020460531
76561198003265303
76561198311386529
76561198066721858
76561198439600418
76561198010419792
76561198212234788
76561198040175090
76561198225912936
76561198015724453
76561198086778530
76561198257855688
76561198115895864
76561198364616761
76561197995308337
76561198029783465
76561198035719749
76561198036857473
76561198078320055
76561198142661982
76561198162633898
76561198415561786
76561198096088119
76561197990801699
76561198040333133
76561198387732190
76561198401293835
76561198388653017
76561198010581713
76561198334650868
76561198310407168
76561198174073115
76561198203698175
76561198348774125
76561198312938589
76561198363546726
76561198275021926
76561198060624358
76561198085525516
76561198256581823
76561198352780411
76561198346123493
76561198217038903
76561198210101796
76561198218179499
76561198448319526
76561198157630945
76561198316490392
76561197994200497
76561198151079046
76561198286076443
76561198448219360
76561198136449591
76561198307697800
76561198353696795
76561198434699980
76561198359367938
76561198319090789
76561198185673218
76561198150193383
76561198393040736
76561198301760312
76561198390387956
76561198008672954
76561198254893904
76561197987681639
76561198039801543
76561198004179548
76561198117326287
76561198009764009
76561198107238556
76561198126890535
76561198055029739
76561197976384720
76561198167728681
76561198027687420
76561198175869078
76561198065927046
76561198178638609
76561198178308221
76561198156179666
76561198440783995
76561198286170855
76561198010356999
76561198374073144
76561198395656029
76561198104417725
76561198005208961
76561198067926561
76561198358944530
76561197978760660
76561198254051524
76561198326702188
76561198192906861
76561198025884460
76561198040513915
76561198239274362
76561198365012645
76561198969351906
76561198000507002
76561198271803379
76561198398451030
76561197978001096
76561197993322510
76561198085876000
76561197984507455
76561198200927023
76561198379503215
76561198403656678
76561198003429172
76561197990855251
76561198419176161
76561198067448963
76561198006937628
76561197961219348
76561198003324662
76561198032371757
76561197994785019
76561198021995186
76561198252044788
76561198427492953
76561198076177371
76561198206571023
76561198060667757
76561198437016109
76561197975160953
76561198299949844
76561197978304688
76561198024629798
76561198121799301
76561198322382164
76561198089728118
76561197988014294
76561198218652277
76561198139642077
76561197995309567
76561198201837392
76561198065127405
76561198450735466
76561197968249416
76561197968205278
76561198070895669
76561198447714083
76561198197138239
76561198104198702
76561198214154029
76561198449325529
76561198113044438
76561197999501468
76561198128861659
76561198123913824
76561198282393186
76561198296359349
76561198191495498
76561198165841732
76561198374231437
76561198009402347
76561198168091247
76561198374784698
76561198286478770
76561198320373709
76561198293446547
76561198086110597
76561198353205199
76561198347016528
76561198288793591
76561198102853941
76561198123506549
76561198318112527
76561198340976063
76561198320731110
76561198363902577
76561198279639825
76561198200998750
76561198253310271
76561198096282326
76561198132625653
76561198071459240
76561198795829344
76561198049747569
76561198082888065
76561197961956769
76561198328669944
76561198062302043
76561198012931586
76561198289166065
76561198294052437
76561198272171749
76561198220154925
76561198007654645
76561198321309569
76561198080072370
76561198392090884
76561198354414597
76561198020915786
76561198166821570
76561197960525046
76561198396398107
76561198089340461
76561198057177999
76561198143315023
76561198291344747
76561197997292030
76561198131480736
76561198300973383
76561198294677421
76561198347077374
76561198120643036
76561198234520552
76561198312780044
76561198200484828
76561198115171643
76561198036292992
76561198186980407
76561198196688950
76561198033100164
76561198140173277
76561198193567843
76561198075303760
76561198000247464
76561198104902901
76561197977761549
76561198308240408
76561198148311439
76561198194977062
76561198274629072
76561198300693215
76561198120639043
76561198207893261
76561198255961990
76561198077420540
76561198387141163
76561198207447260
76561198178228081
76561197971303093
76561198026120943
76561198114160660
76561198195247646
76561197985055088
76561198219067789
76561197997603521
76561198289747532
76561198027345342
76561198393237626
76561198004611914
76561198369077464
76561198043848532
76561198141617588
76561197979178338
76561198008492376
76561198120181491
76561198066359505
76561197963926353
76561198155162829
76561198393928129
76561198255915223
76561198263194908
76561198153657590
76561198211081325
76561198398796427
76561198243975318
76561197967514722
76561198047554057
76561198100657086
76561198032592779
76561198185688862
76561198399414178
76561198283623777
76561198178269049
76561198283581078
76561197960918541
76561198081241060
76561198083682910
76561198400037692
76561198105128683
76561198167763273
76561198018676507
76561198151797368
76561198016748257
76561198333805849
76561198008506549
76561198247476290
76561198077145804
76561198356287533
76561198047553451
76561198080677099
76561198057356592
76561198190525803
76561198797059934
76561198035867805
76561198077527535
76561198129369935
76561198372115367
76561197960815112
76561198308597438
76561198027028558
76561198193759923
76561198186511493
76561198248278630
76561198258903862
76561198046853798
76561198053295503
76561198218233687
76561198035810103
76561198378141466
76561198011019071
76561198117533276
76561198199591865
76561198253157087
76561198146599385
76561198083926282
76561198021590850
76561198120487927
76561198022341402
76561198170422838
76561198276009216
76561198378080606
76561198361627693
76561198378135643
76561198374482614
76561198278128360
76561198108593193
76561198014416203
76561198374064323
76561198034338483
76561198124120497
76561198102321458
76561198448647606
76561198080961610
76561198011784360
76561198069521772
76561198139562803
76561198140940353
76561198401113750
76561198253268173
76561198116563731
76561198005306949
76561198094000728
76561198087203699
76561198045093226
76561198404061461
76561198344603163
76561198131977723
76561198258472675
76561198450749919
76561198088811305
76561198062738411
76561198176190222
76561198239740916
76561198187618099
76561198321620831
76561198015605141
76561198191533990
76561198255785695
76561198348420446
76561198416915309
76561198191550730
76561198320337735
76561198327525052
76561198452337270
76561198328517616
76561198278536610
76561198173100054
76561198130116756
76561198400092716
76561198015563378
76561198039976481
76561197988895074
76561197988847253
76561198006557298
76561198813070336
76561198214032427
76561198296407823
76561198200390199
76561198166342681
76561198243332950
76561198164062785
76561198272545403
76561198815794561
76561198815920801
76561197985687006
76561198033197345
76561197967273443
76561198284132686
76561198385061208
76561198340213029
76561198304679609
76561198061913501
76561198116513799
76561198816241484
76561198346628872
76561198825419675
76561198166322903
76561198399315427
76561198284744431
76561198274151039
76561198298448733
76561198303684030
76561198440188119
76561198823843422
76561198248606206
76561198377117939
76561198808696134
76561198370291874
76561198319329967
76561198279876387
76561198220589755
76561198354152101
76561198281649391
76561198351217581
76561198294480268
76561198085176381
76561198359419988
76561198361326741
76561198263377479
76561198803608281
76561198830153011
76561198139600998
76561198179368982
76561198120220563
76561198211375584
76561198346128047
76561198293324677
76561198148886192
76561198166137665
76561198354160435
76561198436276369
76561198053737429
76561198026096989
76561198382433684
76561198833287172
76561198833590547
76561198301929650
76561198407680440
76561198186009921
76561198444959742
76561198407356121
76561198329814544
76561198836305397
76561198408153522
76561198288371336
76561198386085333
76561198809384005
76561198364248168
76561198837377001
76561198162582018
76561198301676114
76561198111995081
76561198078854590
76561198133192180
76561198028961540
76561198139795188
76561198156039678
76561198087945671
76561198283484453
76561198001742012
76561198208063581
76561198391585418
76561198316802013
76561198144930742
76561198809684029
76561198129210886
76561198299886548
76561198804761191
76561198064366711
76561198796062174
76561198170620878
76561198066559850
76561198123820501
76561198438264421
76561198839381303
76561198281973319
76561198373705342
76561198321377305
76561198839647022
76561198068609804
76561198048907972
76561198044545195
76561198062952053
76561198065084924
76561198065493580
76561198075943435
76561198081390282
76561198086907760
76561198101830975
76561198104668122
76561198114965221
76561198115423814
76561198125404086
76561198133742148
76561198136619231
76561198162541285
76561198177357685
76561198195994133
76561198228467176
76561198231118284
76561198246146148
76561198248896876
76561198252850190
76561198255584428
76561198272174190
76561198300472709
76561198312123040
76561198334821538
76561198350299687
76561198381595709
76561198401335077
76561198406467131
76561198427077694
76561198833701188
76561198339086750
76561198035706992
76561198024753293
76561198137406123
76561198257185629
76561198131323757
76561198196908082
76561198077257986
76561198355956656
76561198040212940
76561198300937069
76561198079884920
76561198240093396
76561198812804095
76561198835939937
76561198153093320
76561198095652653
76561197998920266
76561197964924110
76561198307971357
76561198091935154
76561198107072357
76561198206163845
76561198113855525
76561198375114267
76561198214424628
76561198186086723
76561198010371596
76561198078523922
76561198036505089
76561197999608718
76561198213565883
75651198013367011
76561198804146203
76561198833784898
76561198192504126
76561198317114235
76561198096693681
76561198407717602
76561198112970824
76561198184621734
76561198391660994
76561198441172191
76561198814920711
76561198400285585
76561198400809963
76561198111881817
76561198068821247
76561198306525874
76561198383244326
76561198815460641
76561198356839540
76561198350785104
76561198440364409
76561198051741948
76561198416484103
76561198400522363
76561198119508138
76561198138931871
76561198188974049
76561198196058006
76561198218369195
76561198372989458
76561198397975376
76561198417646340
76561198381665663
76561198286260047
76561198083588085
76561198090750856
76561198196079682
76561198199242735
76561198408184572
76561198308198157
76561198297761481
76561198317607374
76561198421370413
76561198258521968
76561198447392070
76561198328316040
76561198324783721
76561198218059280
76561198015979626
76561198321818677
76561198807226362
76561198307280583
76561198266930780
76561198105047574
76561198105931548
76561198840685536
76561198256266168
76561198126247386
76561198842435239
76561198356410947
76561198151236506
76561197990570947
76561198101262147
76561198055926679
76561198843783120
76561198093138597
76561198140809225
76561198283749531
76561198341981509
76561198158270974
76561198123271270
76561198416716639
76561198364955178
76561198254729360
76561198260961055
76561198376956602
76561197969700382
76561197996898420
76561198801153288
76561198112000966
76561198144275152
76561198210127831
76561198839794618
76561198175778637
76561198167612478
76561197978921471
76561198044008769
76561198137217425
76561198422685020
76561198066215688
76561198098797899
76561198264265396
76561198157602609
76561198166655863
76561198848817259
76561198064429459
76561198800927074
76561198028533426
76561198386355821
76561198237218458
76561198067989214
76561198397771468
76561198833733036
76561198137756228
76561198237237276
76561198358108600
76561198007951044
76561198075476120
76561197980925493
76561198053213961
76561198084837998
76561198154934290
76561198358371699
76561198347760489
76561198003119725
76561198107440040
76561198076834187
76561198285440929
76561197961987739
76561198244379578
76561198144763196
76561198798255721
76561198815408983
76561198264098859
76561198211832395
76561198435628741
76561198433809395
76561198389492057
76561198150952281
76561198294145296
76561198832484112
76561198817350153
76561198312078835
76561198413683899
76561198845813479
76561198834977048
76561198355570800
76561198113966016
76561198833745646
76561198816626665
76561198841678177
76561198438360980
76561198822674224
76561198376677084
76561198796117908
76561198844617658
76561198817271913
76561198101208379
76561198039305666
76561197974923437
76561197983182165
76561198383058831
76561198320791721
76561198355454709
76561198285268196
76561198810419490
76561198401689857
76561198155545097
76561198132333340
76561198193467851
76561198290745934
76561198015719801
76561198041151583
76561198124792293
76561198091875946
76561198247491912
76561198289861191
76561198351627286
76561198439598808
76561198843217093
76561198171645773
76561198388445814
76561198397569253
76561198186326369
76561198381228362
76561198841310399
76561198158612125
76561198015945877
76561198061613483
76561198032629383
76561198840863963
76561198144075976
76561198201187501
76561198157583357
76561198071684776
76561198072842769
76561198344704180
76561198344299173
76561198098741804
76561198130465303
76561198845917255
76561198353967127
76561198334254622
76561197995014282
76561198817254769
76561198008509126
76561198100262661
76561198840014809
76561198353679045
76561198268329427
76561198060234473
76561198043024154
76561198072965947
76561198406741795
76561198299856695
76561198095636262
76561198845030087
76561198844498699
76561198841292818
76561198800785757
76561198798940470
76561198396035284
76561198375617045
76561198370423033
76561198294935355
76561198216401085
76561198037425790
76561198011227843
76561198002539960
76561197999923897
76561198109177963
76561198392062037
76561198193820814
76561198183962327
76561198184568130
76561198206702152
76561198321433615
76561198015516240
76561198286725754
76561198306121505
76561198353941586
76561198294085565
76561198170859806
76561198307037190
76561198392953937
76561198365970653
76561198221588164
76561198299560885
76561198253328787
76561198016101670
76561198048062921
76561198075702193
76561198087762198
76561198093923539
76561198139491762
76561198183437447
76561198254303146
76561198277873119
76561198363530994
76561198363834232
76561198399807567
76561198055697508
76561198126739340
76561198301381782
76561197984515081
76561197976076558
76561198151834763
76561198249806032
76561198257113568
76561198273255589
76561198284025719
76561198447670359
76561198316080778
76561198256284785
76561198150640108
76561198821007689
76561197990472022
76561198430996989
76561198430490061
76561198335913216
76561198367617714
76561198327276561
76561198207571315
76561198079674132
76561197990929590
76561198380028549
76561198841799909
76561198086919723
76561197960392954
76561197963437355
76561197993505746
76561198025064815
76561197960440238
76561198010948863
76561198068403528
76561198066990601
76561198393788460
76561198376790870
76561197985146715
76561198806215535
76561198095998325
76561198059657726
76561197966069918
76561198366459821
76561198306709467
76561198058040593
76561198132808569
76561198843736690
76561198845848411
76561198308050374
76561198276714785
76561198008225245
76561198817369126
76561198298501583
76561198285809342
76561198091753088
76561198066741136
76561198362905403
76561198119204058
76561198078700411
76561198188012618
76561198192797249
76561198200753665
76561198386828002
76561197991427706
76561198399672081
76561198313907498
76561198049322271
76561198099117286
76561198101520365
76561198142677996
76561198175560554
76561198292006421
76561198305651863
76561198307140624
76561198315100889
76561198335498579
76561198344467798
76561198384935646
76561198395326716
76561198406838296
76561198449436222
76561198809025655
76561198820219886
76561198446312821
76561198832233587
76561198403851805
76561198362398092
76561198339535935
76561198814335685
76561198814255801
76561198337236318
76561198427249824
76561198841633079
76561198381211157
76561198402957267
76561198362179265
76561198022498196
76561198400152273
76561198366818948
76561198193963278
76561198039180155
76561197987157808
76561198075669722
76561198104638352
76561198325045732
76561198053326011
76561198213267617
76561197988668129
76561198093683438
76561198042957870
76561198172392169
76561198031494752
76561198029329464
76561198314020568
76561198364184957
76561198366803907
76561198855871190
76561198365054505
76561198360500287
76561198334265611
76561198322673215
76561198109556867
76561198438108320
76561198405669359
76561198363801004
76561198336222854
76561198257222608
76561198255941196
76561198012489685
76561198088622043
76561198331009960
76561198427287769
76561198199603631
76561198330910259
76561198047787801
76561198096619642
76561198254933500
76561198446150784
76561198315220293
76561198302965805
76561198101036902
76561198205543599
76561198105170498
76561198357547973
76561198264510111
76561198390805936
76561198802192965
76561198392224530
76561198382889297
76561198225731108
76561198296357670
76561198304835448
76561198112476174
76561198137708899
76561198380460196
76561198196961329
76561198227775112
76561198830321484
76561198848618062
76561198241750880
76561198854396530
76561198273374200
76561198053211971
76561198054739429
76561198014138344
76561198137405610
76561198094290068
76561198172334934
76561198356022993
76561198357545793
76561198850349620
76561198127648428
76561198809482345
76561198847158943
76561198198183381
76561198008026054
76561198253529932
76561198012200913
76561198841297300
76561198824009646
76561198244154292
76561198440196218
76561198797712072
76561198835432462
76561198818675030
76561198385485293
76561198301735343
76561198004685386
76561198240689840
76561198850017716
76561198850010543
76561198299601676
76561197989988522
76561198292522882
76561198092534275
76561198363189210
76561198453423895
76561198821473573
76561198392577244
76561198214706569
76561198444258888
76561198354304717
76561198851225035
76561198389296323
76561198381857467
76561198326140094
76561198253441304
76561198177692781
76561198164988309
76561198133660862
76561198106825019
76561198090692802
76561198086457012
76561198042057287
76561198024614189
76561198009076855
76561198200185573
76561198016394819
76561198263363690
76561198389413872
76561198350421110
76561198406944692
76561198188540151
76561198216871299
76561198061178661
76561198015248023
76561198042407438
76561198289421942
76561198272400873
76561198212885604
76561198301509413
76561198813922491
76561198859654912
76561198400504336
76561198854045967
76561198145157582
75651198254184085
76561198858156644
76561197992087969
76561197999978145
76561198032420718
76561198830621448
76561198808322214
76561198839984081
76561198354576129
76561198410842303
76561198022884734
76561198392767495
76561198218619157
76561198392805133
76561198104037655
76561198360364094
76561198262169213
76561198138063540
76561198205346849
76561197984056925
76561198857409794
76561198060090934
76561198386022472
76561198403289135
76561198167890035
76561198201096866
76561197990874596
76561198820737009
76561198349457444
76561198193795379
76561198375047070
76561198320479644
76561198078096629
76561198406254985
76561198386040343
76561198856457203
76561198857774904
76561198426764963
76561198856322622
76561198031114946
76561198121123912
76561198203628293
76561198372736238
76561198408915702
76561198030573719
76561198343145826
76561198391404679
76561198410205191
76561198031171688
76561198119367844
76561198201832893
76561198339458198
76561198811009433
76561198110037481
76561198301509457
76561198376777190
76561198860782939
76561198339056291
76561198077591262
76561198134186026
76561198199623663
76561198271466202
76561198138609481
76561198406491914
76561198334234219
76561198405489553
76561198438325181
76561198843824983
76561198031886185
76561198074345178
76561198215248307
76561198034846914
76561198817152209
76561198799327495
76561198859357255
76561198841328391
76561198850179562
76561198815365615
76561198349379187
76561198344448225
76561198331147082
76561197996373019
76561198257784517
76561198374965219
76561198245380372
76561198295790316
76561198452089254
76561198360181237
76561198396465238
76561198009891267
76561198350832735
76561198208857809
76561198106935917
76561198055043322
76561198357701680
76561198155457590
76561198118343422
76561198360181237
76561198046387856
76561198390240298
76561198414004625
76561198375205430
76561198086757113
76561197993129024
76561198207725604
76561198318953041
76561198131049981
76561198164688850
76561198268710301
76561197962957048
76561198202724445
76561197994288027
76561198050330423
76561198035155062
76561198336177218
76561198406857874
76561198844498699
76561198849706403
76561198806307874
76561198812056426
76561198849706403
76561198432280557
76561198287861765
76561198302325108
76561198150447540
76561198402622120
76561198363373262
76561198440731857
76561198016414071
76561198133977768
76561198014467445
76561198245700196
76561198375454506
76561198845120729
76561197983177613
76561198351802767
76561198268991463
76561198068732858
76561198128794902
76561198249200560
76561198156900991
76561198207905388
76561198142672126
76561198046581428
76561198050681098
76561198820788211
76561198293240865
76561198293240865
76561198307460000
76561198379733132
76561198414931813
76561198799797599
76561198810885480
76561198343145826
76561198410205191
76561198060771112
76561197989424396
76561197999881571
76561198047688252
76561198808030024
76561198023877022
76561198817344886
76561198384795519
76561198868795504
76561198439357125
76561198258334709
76561198817344886
76561198088602508
76561198127672784
76561198426892813
76561198005661152
76561198206334737
76561198174431698
76561198334955302
76561198052276888
76561198154337865
76561197960754839
76561198853455232
76561198862878402
76561198868232004
76561198255270161
76561198014135330
76561198820692664
76561198844877782
76561198032704849
76561197989373509
76561197968986709
76561197979861000
76561198071099925
76561197999900034
76561198074112253
76561198014135330
76561198832736353
76561198126616922
76561197991216066
76561198014527625
76561198008282169
76561198866733871
76561198271231545
76561198152109256
76561198003917529
76561198113555919
76561198428802916
76561198181568559
76561198018481577
76561198376978072
76561198870376604
76561198186371545
76561198306356185
76561198839773021
76561198197951610
76561198358438482
76561198161231466
76561198327953505
76561198420161651
76561198344547753
76561198364521561
76561198356489921
76561198320588946
76561198802001798
76561198872521160
76561198393083324
76561198858673844
76561198427245497
76561198834808059
76561198866104494
76561198330961035
76561198368011145
76561198123384250
76561198326481427
76561198364718143
76561198273567048
76561198428802916
76561198256992805
76561198380029824
76561198059932893
76561198031945358
76561198401497102
76561198866067615
76561198424636000
76561198814883056
76561198161231466
76561198370609983
76561198863486474
76561198828226385
76561198869547341
76561198014135330
76561198153559072
76561198415594772
76561198158230396
76561198836517774
76561198856842854
76561198838723246
76561198099936951
76561198833016590
76561197990568911
76561198085235716
76561198377599735
76561198289667596
76561198800896960
76561198292560629
76561198428480349
76561198848361224
76561198385485740
76561198322447932
76561198423306680
76561198321567648
76561198308344422
76561198448234194
76561198818256122
76561198833000064
76561198142043016
76561198334955302
76561198816499932
76561198854483093
76561198842904054
76561198814580035
76561198188384350
76561198837347156
76561198432806716
76561198303699409
76561198819882831
76561198383761122
76561198315615500
76561198843716297
76561198067324425
76561198310771081
76561198850939213
76561198452089254
76561198433653351
76561198343023909
76561197979499579
76561198070754578
76561197961727567
76561197999052924
76561198006177561
76561198009729456
76561198060369249
76561198065811060
76561198070868228
76561198094455854
76561198106999293
76561198134995588
76561198241330698
76561198272412975
76561198283807863
76561198434277075
76561198046531008
76561198272378038
76561198278061197
76561198398781408
76561198416065783
76561198128096087
76561198232832900
76561198414648827
76561198412330355
76561198085235716
76561198384023094
76561198384636081
76561198830879193
76561198824641401
76561198438039960
76561198860693101
76561198860683473
76561198367631177
76561197990084618
76561198061372400
76561198212423904
76561198401042691
76561198867172734
76561198867000254
76561198047996852
76561198054913846
76561198068475218
76561198072074165
76561198096708829
76561198232702168
76561198397588490
76561198060639463
76561198870709120
76561198013782671
76561198067273539
76561198029812457
76561197991173117
76561198120751059
76561198150426817
76561198236343282
76561198349738784
76561198852081030
76561198120751059
76561198286802954
76561198354559246
76561198114910325
76561197968283547
76561198209168749
76561198867549032
76561198200484575
76561198079957697
76561198223874900
76561198155474073
76561198419541839
76561198391300968
76561198416166454
76561198429849789
76561198378741954
76561198867260584
76561198340618013
76561198416734852
76561198430658762
76561198429848789
76561198416734852
76561198378741954
76561198844291700
76561198332987982
76561198042476567
76561198310123176
76561198311565105
76561198444927973
76561198802045942
76561198823335743
76561198829707096
76561198136019083
76561198169120905
76561198187747926
76561198306332596
76561198338294651
76561198345481663
76561198435331349
76561198443155871
76561198798454721
76561198807973002
76561198823209467
76561198852727647
76561198859317900
76561198279006446
76561198825852201
76561198435208370
76561198349522535
76561198154457917
76561198236395274
76561198263071802
76561198290414988
76561198355119744
76561198362128001
76561198421694160
76561198443022245
76561198844738033
76561198846950773
76561198072493365
76561198243670590
76561198257779013
76561198314067572
76561198126474811
76561198329043815
76561198314067572
76561198869517033
76561198292939308
76561198259262196
76561198108850419
76561198046789529
76561198849180258
76561198200665229
76561198130449042
76561198313174648
76561198152901450
76561197980111695
76561197994287270
76561198093692665
76561198869601438
76561198869488573
76561198862364024
76561198877191548
76561198868483592
76561198201412925
76561198169820445
76561198257087118
76561198257137923
76561198398847791
76561198348136773
76561198122706924
76561198141961277
76561198148203970
76561198173175159
76561198233659192
76561198393069514
76561198333173615
76561198072984190
76561198381801862
76561198035443618
76561198358382716
76561198388172403
76561198389952896
76561198145184656
76561198813721921
76561198000246668
76561198106478450
76561198141135027
76561198337474697
76561198040965190
76561198055726278
76561198069544675
76561198094502006
76561198170833303
76561198354817359
76561198061240297
76561198065433217
76561198013439316
76561198043545184
76561198024475063
76561198127432471
76561198044286200
76561198842501681
76561198072718103
76561198256834375
76561198058250849
76561198358498846
76561198841232289
76561198105409175
76561198827635082
76561198873600038
76561198034700830
76561198082447457
76561198081867177
76561197995168896
76561198301189059
76561198401451496
76561198101816259
76561198229142476
76561198423548600
76561198352204224
76561198055401164
76561198031949741
76561198218123623
76561198148973353
76561198083734152
76561198271563102
76561198274415576
76561198878817377
76561198157761747
76561198259310623
76561198256053027
76561198833824680
76561198260242555
76561198863408859
76561198294755810
76561198196047894
76561198275920539
76561198004405099
76561197991699818
76561198759457708
76561198262188153
76561198043563112
76561198395193316
76561198162912059
76561198844773075
76561197988488167
76561198061472681
76561198354105224
76561198048141354
76561198083264520
76561198368022528
76561198871231723
76561198020396425
76561198848482517
76561198170393411
76561198872755595
76561198872944136
76561198448052156
76561198835032866
76561198263516412
76561198882004749
76561198269775888
76561198406398238
76561198051795424
76561198043732869
76561198300980656
76561198311349158
76561198435554037
76561198079830927
76561198351445711
76561198808030113
76561198863005357
76561198863516357
76561198110430030
76561198061134778
76561198341608045
76561198869455513
76561198167109464
76561198054681607
76561198842148186
76561198011364460
76561198310594704
76561198384609876
76561198364758866
76561198804950635
76561198030785179
76561198219287743
76561198115439300
76561197973539233
76561198102777137
76561198184772058
76561198004519708
76561198043833864
76561198058926748
76561198121832699
76561198159096040
76561198301110676
76561198313182662
76561198317201827
76561198330777702
76561198350334689
76561198357059402
76561198378412347
76561198381292556
76561198383969305
76561198389726859
76561198396667364
76561198396713258
76561198314266894
76561198409898632
76561198413955324
76561198419311685
76561198429691889
76561198443633046
76561198451604958
76561198799242687
76561198801865262
76561198804523254
76561198808000797
76561198808203513
76561198810311100
76561198815702991
76561198822412986
76561198830692583
76561198844906458
76561198859119323
76561198867327538
76561198869856096
76561198871536292
76561198871575189
76561198873183059
76561198873271778
76561198873757013
76561198874599451
76561198877677228
76561198156765798
76561198879315604
76561198872863123
76561198305047665
76561198153749558
76561198198433575
76561198245106370
76561198258336257
76561198267535474
76561198276486590
76561198303288284
76561198327116110
76561198328933849
76561198332204300
76561198390140157
76561198403012891
76561198434733537
76561198450871769
76561198754790702
76561198804271222
76561198869610488
76561198882943707
76561198876209757
76561198879996956
76561198071110218
76561198028725094
76561198091784329
76561198162131220
76561198169417130
76561198194415542
76561198292744802
76561198340465950
76561198091186518
76561198257534381
76561198012360418
76561198815416323
76561198344137898
76561198192297035
76561198883646811
76561198089537178
76561198881481666
76561198009357731
76561198072722816
76561198105261032
76561198125793686
76561198263791494
76561198281320776
76561198320601219
76561198377382172
76561198391092202
76561198398881964
76561198411373996
76561198411929814
76561198416642127
76561198419116543
76561198800997936
76561198280165138
76561198302863182
76561198209781629
76561198396529771
76561198439687501
76561198401041730
76561198841270631
76561198435628146
76561198370557769
76561198371992039
76561198335201027
76561198380215325
76561198362499933
76561198315161227
76561198354240152
76561198365835544
76561198296831067
76561198399519694
76561198837720561
76561198149336965
76561198035614454
76561198017057576
76561198050921171
76561198376022901
76561198249314024
76561198273451425
76561198114097815
76561198121353720
76561198300945280
76561198171074430
76561198334849779
76561198298710283
76561198261452312
76561198070746400
76561198117469734
76561198171262087
76561198240526438
76561198048033018
76561198391361055
76561198045654331
76561198235849052
76561198090644203
76561198172992782
76561198364732778
76561198098459845
76561198273893612
76561198200677357
76561198389728043
76561198843146025
76561198169859621
76561198884230668
76561198798229433
76561198307661268
76561198307169807
76561198166952366
76561198372348991
76561198058643335
76561198402117732
76561198881656264
76561198101669136
76561198878655730
76561198882971573
76561198054540509
76561198066606830
76561198186073502
76561198098789327
76561198209976043
76561198235223188
76561198254095080
76561198841887062
76561198883387054
76561198885408634
76561198392028523
76561198401901493
76561198885769560
76561198182454486
76561198439443427
76561198320216651
76561198257064950
76561198326680072
76561198832326708
76561198869473365
76561198446309723
76561198445781067
76561198286374455
76561198860333115
76561198407624988
76561198398662372
76561198863456477
76561198376347237
76561198418451512
76561198102996776
76561198208927465
76561198425172102
76561198417407580
76561198796698323
76561198877175411
76561198856655676
76561198373977641
76561198277670972
76561198867608906
76561198827474014
76561198346472851
76561198839914469
76561198870794917
76561198302695514
76561198393393991
76561198260115808
76561198882237102
76561198355290106
76561198315645699
76561198358739533
76561198345698580
76561198361541823
76561198147450877
76561198351041170
76561198258265252
76561198046921844
76561198059422938
76561198808231242
76561198807983601
76561198314829815
76561198374579863
76561198414074861
76561198420898030
76561198409479363
76561198278140374
76561198180818429
76561198224977760
76561198105403067
76561198146637638
76561198312698875
76561198367198531
76561198866362219
76561198043906665
76561198367919054
76561198116169085
76561198242871554
76561198881817418
76561198224349664
76561198869293787
76561198131480013
76561198306429726
76561198866077105
76561198328888050
76561198294998115
76561198329908576
76561198405988759
76561198322313803
76561198392319404
76561198358845764
76561198260332502
76561198152626605
76561198164326441
76561198151958675
76561198869357356
76561198883080023
76561198272349941
76561198211528763
76561198334526376
76561198246942798
76561198234790204
76561198881427647
76561198283721440
76561198881002494
76561198881103177
76561198312895948
76561198213040132
76561198238969412
76561198874063070
76561198312306205
76561198396147136
76561198874185015
76561198835263556
76561198318220450
76561198241751228
76561198225569580
76561198324700196
76561198350113854
76561198322106431
76561198102350797
76561198021116264
76561198304272089
76561198886524022
76561198271017205
76561198293939195
76561198867903880
76561198255253020
76561198220398624
76561197962633411
76561198111196836
76561198330898219
76561198414523375
76561198412723657
76561198398613092
76561198439883401
76561198817356675
76561198374020979
76561198349664869
76561198203427449
76561198330470397
76561198161094703
76561198450180146
76561198382005962
76561198259160125
76561198202518869
76561198148597153
76561198814224842
76561197970592118
76561198006900394
76561198303544593
76561198817095360
76561198132680546
76561198132019512
76561198123896294
76561198022527438
76561198142369705
76561198147434330
76561198309722442
76561198841245871
76561198366100878
76561198861981748
76561198289818683
76561198378044181
76561198834091227
76561198300525181
76561198870491943
76561198276589144
76561198308518361
76561198844332128
79561198860164622
76561198416040035
76561198357287519
76561198412002387
76561198869969730
76561198405295078
76561198323882766
76561198350331760
76561198870447416
76561198012813325
76561198282863690
76561198340232571
76561198802197361
76561198822931531
76561198836779655
76561198256784456
76561198193751662
76561198353762966
76561198408217938
76561198841173737
76561198200337527
76561198238411492
76561198385582001
76561198237410272
76561198198415330
76561198088235452
76561198341397364
76561198453297795
76561198316031974
76561198297394757
76561198346691019
76561198295790882
76561198182486313
76561198845208680
76561197999699459
76561198118219879
76561198399714478
76561198189403015
76561198417121606
76561198091943917
76561198122585425
76561198182222479
76561198284078253
76561198285326643
76561198260489132
76561198215355379
76561198049743919
76561198869793061
76561198360873203
76561198869318075
76561198201259751
76561198160763743
76561198211598105
76561198271125676
76561198290355321
76561198196621717
76561198136437344
76561198432735525
76561198886769490
76561198870952838
76561198373076366
76561198413693551
76561198802488839
76561198101446407
76561198203246157
76561198819178722
76561198396845620
76561198214123641
76561198355151064
76561198225377016
76561197981143633
76561198132846524
76561198400216337
76561197980982743
76561198234307072
76561198330810645
76561198354421085
76561198298196541
76561198335198275
76561198452337236
76561198067527681
76561198273593391
76561198077393028
76561198207161976
76561198098230951
76561198150103360
76561198193696341
76561198194998709
76561198271574235
76561198247462122
76561198282622838
76561198286988631
76561198799375313
76561198160033047
76561198188816434
76561198125744762
76561198259468669
76561198297053597
76561198215996857
76561198801321242
76561198385321230
76561198358440177
76561198858480632
76561198845928659
76561198873282143
76561198869373775
76561198804692829
76561198829340005
76561198808348990
76561198874900914
76561198270979428
76561198818455908
76561198332570140
76561198424189231
76561198433694335
76561198419736890
76561198264111718
76561198869732048
76561198843988445
76561198887842772
76561198133957169
76561198842587957
76561198418123978
76561198881304974
76561198006773435
76561198026016487
76561197981005493
76561198085236107
76561198014933723
76561198800199899
76561198100689783
76561198324060117
76561198134241895
76561198812526012
76561198280594290
76561198304296352
76561198417391589
76561198449714916
76561198347816751
76561198798747153
76561198330092085
76561198267489315
76561198842874468
76561198397593744
76561198877415833
76561198877128452
76561198247353526
76561198878964382
76561198877352301
76561198046540515
76561198381433720
76561198390345184
76561198436537531
76561198450852748
76561198800763207
76561198808199384
76561198841484667
76561198844116425
76561198866353320
76561198869635962
76561198881152006
76561198883794055
76561198885082604
76561198885178616
76561198891601629
76561198893447879
76561198090580446
76561198350241677
76561198062100273
76561198422504479
76561197995663703
76561198042686123
76561198446331220
76561198334465561
76561198282394081
76561198241469006
76561198429682110
76561198260001793
76561198251302280
76561198360724837
76561198338290969
76561198157507697
76561198250765750
76561198358546379
76561198863757343
76561198863962549
76561198863955715
76561198890599026
76561198398866393
76561198379628952
76561198815728893
76561198894066501
76561198371288317
76561198405795531
79591198327544501
76561198205565951
76561198393037860
76561198869524012
76561198115342642
76561198800254330
76561198047823605
76561198108863278
76561198125682150
76561198856932071
76561198842781210
76561198083465559
76561198066505326
76561198117964354
76561198253863211
76561198148325701
76561198305145973
76561198107928791
76561198285061263
76561198004779476
76561198319719080
76561198856409875
76561198804700395
76561198864817485
76561198407479627
76561198166097860
76561198361299359
76561198351436580
76561198009691156
76561198141952651
76561198881035735
76561198880947748
76561198238838426
76561198857677953
76561198370233465
76561198057301686
76561198079344710
76561198313656255
76561198016385089
76561198172197461
76561197991398860
76561198841869585
76561198820139442
76561198205875085
76561198213088069
76561198847990956
76561198365225072
76561198170162417
76561198326712351
76561198236012596
76561198120749085
76561198882568827
76561198882831418
76561198882701966
76561198094024062
76561198044278117
76561198273209865
76561198307954017
76561198392400272
76561198043591066
76561197980025644
76561198324510328
76561198452215586
76561198867529341
76561198064637256
76561198870412645
76561198261612214
76561198880801174
76561198165893716
76561198176600531
76561198188032833
76561198312661957
76561198215597955
76561198148220991
76561198245815096
76561198202216811
76561198340347530
76561198271870533
76561198363232905
76561198003232134
76561198821569101
76561198259155752
76561198433792337
76561198272721724
76561198355077958
76561198274726901
76561198073949153
76561198318902118
76561198200188409
76561198117334361
76561198899358168
76561198241868692
76561198084237463
76561198438076705
76561198291749729
76561198321762463
76561198802416955
76561198257853673
76561198047910289
76561198356186693
76561198284941907
76561198329540276
76561198185473215
76561198387711757
76561198278604893
76561198233578376
76561198109957244
76561198248005924
76561198047727418
76561198163979439
76561198342317947
76561198030802033
76561197977494910
76561198798013642
76561198072461621
76561198281690117
76561198309587959
76561198365100704
76561198040884259
76561198283241053
76561198018370676
76561198254211885
76561198110823315
76561198271833092
76561198181852154
76561198311619253
76561198334978616
76561198052105834
76561198244764238
76561198372283705
76561198274971969
76561198174189927
76561198081093631
76561198281743316
76561198046405661
76561198143395607
76561198048909831
76561198107321360
76561198139826044
76561198254452110
76561198399613675
76561198089780742
76561198059822188
76561198061288828
76561198163364504
76561198343135361
76561198352480575
76561198147625700
76561198185459939
76561198355317308
76561198800189810
76561198135628581
76561197999681673
76561198083598727
76561198210305885
76561198070604723
76561198135895778
76561198182511855
76561198257632096
76561198281129979
76561198290425362
76561198313501896
76561198406002689
76561198419764202
76561198424077448
76561198796522640
76561198802492525
76561198823066719
76561198842405022
76561198845055493
76561198845404502
76561198849585265
76561198859279230
76561198860958453
76561198866523713
76561198879216793
76561198880176867
76561198882785169
76561198886192949
76561198887659592
76561198895464388
76561198898609903
76561198900225026
76561198901299842
76561198908434327
76561198913473973
76561198207754256
76561198370256531
76561198203806471
76561198186745785
76561198135823453
76561198886405648
76561198881465786
76561198808164337
76561198836040190
76561198356125243
76561198183531890
76561198055749047
76561198345289667
76561198072654583
76561198302073701
76561198166653097
76561198867396326
76561198211802772
76561198307816900
76561198352912070
76561197995094312
76561198185203913
76561198322570910
76561198161240312
76561198369841987
76561198286649692
76561198858192653
76561198855879512
76561198861646006
76561198311398713
76561197963387394
76561197986439952
76561198059520729
76561198246904426
76561198342763901
76561198799392150
76561198082163145
76561197979653678
76561198017365762
76561198072174726
76561198813226419
76561198141957441
76561198106627956
76561198817792277
76561198131725826
76561198397784871
76561198125294716
76561198134791164
76561198129798145
76561198173240634
76561198100482580
76561198363304267
76561198872822226
76561198881616448
76561198091051409
76561198249617688
76561198152305072
76561198044700295
76561198844903470
76561198151846386
76561198194274775
76561198332656984
76561198094172322
76561198263302244
76561198254846676
76561198274205385
76561198322067970
76561198173839715
76561198166908066
76561198293251331
76561198020881490
76561198323853946
76561198173443923
76561198157536401
76561198828443854
76561198418170460
76561198369982923
76561198355209129
76561197995669808
76561198272070022
76561198184191127
76561198262297588
76561198146691525
76561198422416478
76561198880816778
76561198845141388
76561198199246303
76561198309425624
76561198245285938
76561198188308898
76561198183429818
76561198011042998
76561198024902979
76561197992860194
76561198083427944
76561198134327073
76561198226847072
76561198091801865
76561198880944299
76561198908949951
76561198133516857
76561198056877774
76561198797868423
76561198859764896
76561198090659565
76561198083553867
76561198139493474
76561198220248271
76561198214430580
76561198845998170
76561198218717704
76561198880915287
76561198157456088
76561198315635401
76561198824094699
76561198248170710
76561198892667977
76561198398996089
76561198855382259
76561198801782252
76561198238307066
76561198137817284
76561198815071241
76561198895972266
76561198132938827
76561198061156035
76561198341983806
76561198175407069
76561198272247916
76561198346741542
76561198883428668
76561198268999885
76561198170892925
76561198018813356
76561198124968392
76561198386902681
76561198395753287
76561198418605437
76561198418944513
76561198799459850
76561198806905440
76561198826440338
76561198828733964
76561198830968813
76561198908448685
76561198909885067
76561198879089940
76561198924596229
76561198924954902
76561198927901378
76561198878665690
76561198336347968
76561198050319082
76561198343146806
76561198253750446
76561198126502833
76561198055275310
76561198063796403
76561198392344399
76561198175110185
76561198315000398
76561198133022300
76561198140391936
76561198377516207
76561198272363971
76561198108810092
76561198840436056
76561198256983894
76561198332977452
76561198804367502
76561198866108216
76561198881254079
76561198880573404
76561198914071341
76561198269029272
76561198929749519
76561198891478399
76561198159867474
76561197985789701
76561198001330054
76561198148366100
76561198043284363
76561198246558904
76561198910194751
76561198284335003
76561198141139753
76561198309665094
76561198275047572
76561198250481886
76561198889575278
76561198925904852
76561198074797325
76561198121744473
76561198236957540
76561198892454337
76561198314477522
76561198376152831
76561198411350365
76561198189177537
76561198156611524
76561198919647877
76561198871022804
76561198856462243
76561198294200760
76561198005308304
76561198011918141
76561198168501439
76561198276933883
76561198189150328
76561198149405289
76561198867205823
76561198860403207
76561198011217232
76561198014675741
76561198030982572
76561198008486709
76561197992646629
76561198219805375
76561198829860378
76561198304640123
76561198257782962
76561198330686631
76561198292927599
76561198169395191
76561198259739119
76561198139358347
76561198048796551
76561198156274370
76561198393493197
76561198031921856
76561198152413683
76561198382935896
76561198429050928
76561198423403888
76561198411300615
76561198453879823
76561198453350046
76561198801794653
76561198403461327
76561198387872878
76561198356324569
76561198815605492
76561198174876249
76561198061592749
76561198843418026
76561198212104248
76561198184725371
76561198012052653
76561198931564425
76561198930293057
76561198074841082
76561198445655767
76561198439629874
76561198056034178
76561198215795352
76561198388822572
76561198401767411
76561198418705805
76561198418904782
76561198420282217
76561198808239675
76561198854379423
76561198909902092
76561198923769022
76561198930907648
76561198931308539
76561198931525851
76561198936220970
76561198878499982
76561198392491205
76561198278766987
76561198349964631
76561198101940018
76561198292517349
76561198869867187
76561198295590157
76561198126991127
76561198272203425
76561198158474098
76561198008509128
76561198870671474
76561198148239282
76561198297883421
76561198093619511
76561198413593792
76561198847877113
76561198335108812
76561198359892766
76561198141593581
76561198113508021
76561198165501918
76561198249995078
76561198255653999
76561198032114220
76561198095282375
76561198247976564
76561198797859723
76561198073713851
76561198168058212
76561198029186659
76561198068733084
76561198045728898
76561198054584981
76561198133532962
76561198449344039
76561198924712731
76561198882132372
76561198868256708
76561198147171270
76561198880286204
76561198177065933
76561198017953735
76561198105179680
76561198253755615
76561198179230697
76561198181468047
76561198218062137
76561198178829133
76561198018424530
76561198015646874
76561198844387430
76561198293508284
76561198292533032
76561198906780835
76561198264099526
76561198286289764
76561198833242667
76561198024376929
76561198118323586
76561198033281370
76561198061067454
76561198148746893
76561198799889175
76561198840983566
76561198384198260
76561197978126278
76561198919199430
76561198920478204
76561198371016823
76561198090425744
76561198035619900
76561198420347474
76561198434549136
76561198217358661
76561198174380430
76561197978877059
76561198819869801
76561198158894988
76561198354284984
76561198167861468
76561198282110690
76561198419379679
76561198123685581
76561198449940597
76591198327544501
76561198860164622
76561198241044916
76561198145417566
76561198138011959
76561198421106954
76561198175241678
76561198253497643
76561198289364625
76561198300955091
76561198333678018
76561198355914389
76561198418861568
76561198420161694
76561198900280117
76561198930725350
76561198931193381
76561198931213375
76561198451841284
76561198432394582
76561198831077058
76561198069407972
76561198063588370
76561198131262287
76561198145589414
76561198183855053
76561198070185502
76561198909772372
76561198205912453
76561198152561665
76561198210586577
76561198247287310
76561198078174136
76561198287269221
76561198845503287
76561198117390004
76561198813450012
76561198258931706
76561198169143807
76561198376952641
76561198406332568
76561198071422658
76561198250369972
76561198304541559
76561198090159092
76561198035362475
76561198081662454
76561198346236433
76561198073218608
76561198205921443
76561198269432189
76561198296324719
76561198310703589
76561198366895745
76561198811488084
76561198928652811
76561198929526367
76561198930175871
76561198930412192
76561198930822099
76561198878804878
76561198401410747
76561198359243481
76561198878705422
76561198328158273
76561198900260765
76561198369212719
76561198038182574
76561198141793019
76561198043716619
76561198121561435
76561198124755577
76561198373635969
76561198845400529
76561198846044777
76561198859601221
76561198810087559
76561198040450582
76561198088272606
76561198192706450
76561198385768380
76561198311541109
76561198930606874
76561198374244869
76561198886802254
76561198879059516
76561198297112505
76561198124276187
76561198065008119
76561198103214090
76561198321696554
76561198199559930
76561198023183418
76561198267615549
76561198024108789
76561198213656437
76561198277903541
76561198257452886
76561198880916145
76561198358200083
76561198301651039
76561198918021311
76561198072939211
76561198292563579
76561198125397085
76561198134618100
76561198118775068
76561198094755900
76561198279222485
76561198431220757
76561198833723951
76561198028930284
76561198797224781
76561198206007805
76561198208039265
76561198391499122
76561198209154953
76561198215683979
76561198114535763
76561198006723744
76561197987149096
76561198006480119
76561198797887507
76561198412478543
76561198329714870
76561198845095742
76561198872302281
76561198871835577
76561198946985708
76561198880919188
76561198054454748
76561198032989031
76561198296053549
76561198146941216
76561198835741946
76561198326831527
76561198844259695
76561198146381866
76561197995288200
76561197977978475
76561198306205506
76561198290409006
76561198043223288
76561198168714787
76561198112751509
76561198010795888
76561198102411724
76561198056665326
76561198178078019
76561198092542406
76561198269522110
76561198309851229
76561198367218748
76561198165715934
76561198801415744
76561198112023504
76561198871386757
76561198201557370
